4871.43838498
4871.43838498
4845.09879211
4822.22493516
4780.63610432
4669.73255543
4540.80717985
4499.21834902
4499.21834902
4474.9581977
4436.83510276
4410.4955099
4370.98612061
4338.40820313
4309.29602154
4309.29602154
4309.29602154
4309.29602154
4309.29602154
4309.29602154
4307.90972718
4294.73993075
4293.35363639
4293.35363639
4293.35363639
4284.34272304
4284.34272304
4284.34272304
4283.64957586
4283.64957586
4283.64957586
4283.64957586
4283.64957586
4283.64957586
4283.64957586
4283.64957586
4283.64957586
4279.49069278
4264.93460199
4255.23054146
4246.91277529
4237.20871476
4214.3348578
4201.16506137
4194.92673675
4169.28029107
4140.86125667
4092.34095403
4020.94679443
3988.36887694
3973.11963897
3968.26760871
3957.870401
3945.39375175
3869.84070907
3783.1973115
3754.08512991
3736.7564504
3731.21127295
3711.8031519
3691.70188366
3646.64731693
3574.56001015
3514.25620544
3514.25620544
3504.55214491
3485.83717104
3459.49757817
3424.84021915
3360.37753135
3307.69834563
3307.69834563
3292.44910766
3260.56433735
3239.07677476
3205.11256291
3173.2277926
3153.12652437
3143.42246384
3143.42246384
3105.29936891
3074.10774578
3040.83668112
3004.79302773
2977.06714051
2977.06714051
2966.6699328
2932.70572095
2900.12780346
2870.3224747
2837.74455721
2811.40496435
2811.40496435
2810.71181717
2799.62146228
2798.9283151
2798.9283151
2789.22425457
2769.81613352
2763.57780889
2763.57780889
2758.72577863
2747.63542374
2660.29887899
2593.06360247
2566.03086243
2536.22553367
2503.64761618
2476.61487614
2444.73010583
2414.23162989
2376.80168214
2337.98544003
2307.48696408
2297.78290356
2295.70346201
2295.70346201
2295.01031483
2295.01031483
2294.31716765
2294.31716765
2294.31716765
2289.46513739
2285.30625431
2260.35295581
2153.60829
2038.54585803
2038.54585803
2038.54585803
2037.85271085
2037.85271085
2037.85271085
2037.85271085
2025.3760616
2001.11591028
1953.981902
1914.47251271
1877.73571214
1843.07835311
1809.11414126
1808.42099408
1807.7278469
1767.52531043
1743.95830629
1739.79942321
1734.25424576
1732.17480422
1732.17480422
1732.17480422
1732.17480422
1732.17480422
1732.17480422
1732.17480422
1732.17480422
1731.48165704
1729.4022155
1723.85703805
1705.14206418
1659.39435026
1527.00323877
1518.68547261
1485.41440794
1485.41440794
1485.41440794
1465.3131397
1443.82557711
1424.41745605
1393.22583293
1374.51085905
1355.79588518
1355.79588518
1353.71644363
1333.6151754
1330.14943949
1330.14943949
1328.76314513
1316.97964306
1310.04817126
1310.04817126
1293.41263892
1286.48116712
1242.81289474
1136.76137612
1130.52305149
1127.75046277
1127.75046277
1127.75046277
1127.05731559
1125.67102123
1124.97787405
1124.97787405
1124.97787405
1124.97787405
1124.97787405
1124.97787405
1124.97787405
1124.97787405
1124.97787405
1124.97787405
1124.97787405
1124.97787405
1124.97787405
1124.97787405
1124.97787405
1124.28472687
1124.28472687
1124.28472687
1124.28472687
1124.28472687
1124.28472687
1124.28472687
1124.28472687
1124.28472687
1124.28472687
1124.28472687
1124.28472687
1124.28472687
1124.28472687
1124.28472687
1124.28472687
1124.28472687
1124.28472687
1124.28472687
1124.28472687
1124.28472687
1124.28472687
1124.28472687
1124.28472687
1124.28472687
1124.28472687
1124.28472687
1124.28472687
1124.28472687
1124.28472687
1124.28472687
