4871.43838498
4871.43838498
4871.43838498
4871.43838498
4836.08787877
4779.94295714
4599.7246902
4518.62647007
4499.21834902
4499.21834902
4494.36631875
4467.33357871
4421.58586479
4393.16683039
4357.123177
4332.1698785
4309.29602154
4309.29602154
4309.29602154
4309.29602154
4309.29602154
4309.29602154
4309.29602154
4295.43307793
4295.43307793
4295.43307793
4287.11531176
4287.11531176
4287.11531176
4287.11531176
4287.11531176
4286.42216458
4286.42216458
4286.42216458
4286.42216458
4286.42216458
4286.42216458
4286.42216458
4286.42216458
4286.42216458
4282.2632815
4266.32089635
4255.23054146
4245.52648093
4230.97039014
4211.56226908
4206.71023882
4199.77876701
4163.04196644
4108.28333918
4067.38765553
4020.25364725
3990.44831848
3990.44831848
3981.43740514
3939.8485743
3833.79705568
3751.31254119
3749.92624683
3749.92624683
3749.92624683
3749.92624683
3739.52903912
3713.18944626
3681.30467595
3654.96508309
3545.44782856
3545.44782856
3526.03970751
3526.03970751
3526.03970751
3526.03970751
3526.03970751
3506.63158645
3484.45087668
3433.85113249
3339.58311594
3325.72017233
3325.72017233
3325.72017233
3325.72017233
3325.72017233
3301.46002101
3276.50672251
3229.37271423
3189.86332494
3166.2963208
3166.2963208
3166.2963208
3144.8087582
3091.4364253
3038.75723957
2999.94099746
2999.94099746
2999.94099746
2999.94099746
2999.24785028
2943.10292866
2891.8100373
2834.27882131
2833.58567413
2833.58567413
2833.58567413
2825.96105514
2811.40496435
2805.16663973
2787.83796021
2782.98592995
2782.98592995
2782.98592995
2782.98592995
2782.98592995
2770.5092807
2746.24912938
2606.23339891
2579.89380604
2532.06665059
2496.0229972
2448.19584174
2395.51665602
2349.7689421
2315.11158307
2311.64584717
2309.56640563
2309.56640563
2309.56640563
2309.56640563
2309.56640563
2309.56640563
2309.56640563
2308.87325845
2302.63493382
2290.85143175
2213.91209471
2116.87148943
2019.13773697
1980.32149486
1941.50525275
1906.15474654
1870.80424033
1834.76058694
1817.43190743
1812.57987716
1809.11414126
1806.34155254
1806.34155254
1806.34155254
1806.34155254
1806.34155254
1806.34155254
1806.34155254
1806.34155254
1806.34155254
1806.34155254
1804.95525818
1800.79637509
1791.78546175
1787.62657866
1787.62657866
1787.62657866
1787.62657866
1787.62657866
1787.62657866
1787.62657866
1787.62657866
1787.62657866
1787.62657866
1787.62657866
1787.62657866
1787.62657866
1787.62657866
1787.62657866
1787.62657866
1787.62657866
1787.62657866
1785.54713712
1784.16084276
1730.78850986
1707.9146529
1629.5890215
1608.79460608
1606.71516454
1584.53445476
1548.49080137
1506.90197054
1474.32405305
1441.74613556
1422.33801451
1402.23674627
1371.73827033
1333.6151754
1325.99055641
1323.21796769
1323.21796769
1323.21796769
1323.21796769
1323.21796769
1323.21796769
1323.21796769
1323.21796769
1323.21796769
1323.21796769
1323.21796769
1323.21796769
1323.21796769
1314.90020152
1287.86746148
1258.06213272
1217.85959624
1181.12279567
1149.23802537
1131.21619867
1127.05731559
1127.05731559
1127.05731559
1127.05731559
1127.05731559
1127.05731559
1127.05731559
1127.05731559
1127.05731559
1127.05731559
1127.05731559
1127.05731559
1127.05731559
1127.05731559
1127.05731559
1127.05731559
1127.05731559
1127.05731559
1127.05731559
1127.05731559
1126.36416841
1126.36416841
1126.36416841
1126.36416841
1126.36416841
1126.36416841
1126.36416841
1126.36416841
1126.36416841
1126.36416841
1126.36416841
1126.36416841
1126.36416841
1126.36416841
1126.36416841
1126.36416841
1126.36416841
1126.36416841
1126.36416841
1126.36416841
1126.36416841
1126.36416841
1126.36416841
1126.36416841
1126.36416841
1126.36416841
1126.36416841
1126.36416841
1126.36416841
1126.36416841
1126.36416841
1126.36416841
1126.36416841
1126.36416841
1126.36416841
1126.36416841
1126.36416841
1126.36416841
1126.36416841
1126.36416841
1126.36416841
1126.36416841
1126.36416841
1126.36416841
1126.36416841
1126.36416841
1126.36416841
1126.36416841
1126.36416841
1126.36416841
1126.36416841
1126.36416841
1126.36416841
1126.36416841
1126.36416841
1126.36416841
1126.36416841
1126.36416841
1126.36416841
1126.36416841
1126.36416841
1126.36416841
1126.36416841
1126.36416841
1126.36416841
1126.36416841
1126.36416841
1126.36416841
1126.36416841
1126.36416841
1126.36416841
1126.36416841
1126.36416841
1126.36416841
1126.36416841
1126.36416841
1126.36416841
1126.36416841
1126.36416841
1126.36416841
1126.36416841
1126.36416841
1126.36416841
1126.36416841
1126.36416841
1126.36416841
1126.36416841
1126.36416841
1126.36416841
1126.36416841
1126.36416841
1126.36416841
1126.36416841
1126.36416841
1126.36416841
1126.36416841
1126.36416841
1126.36416841
1126.36416841
1126.36416841
1126.36416841
1126.36416841
1126.36416841
1126.36416841
1126.36416841
1126.36416841
1126.36416841
1126.36416841
1126.36416841
1126.36416841
1126.36416841
1126.36416841
1126.36416841
1126.36416841
1126.36416841
1126.36416841
1126.36416841
1126.36416841
1126.36416841
1126.36416841
1126.36416841
1126.36416841
1126.36416841
1126.36416841
1126.36416841
1126.36416841
1126.36416841
1126.36416841
1126.36416841
1126.36416841
1126.36416841
1126.36416841
1126.36416841
1126.36416841
1126.36416841
1126.36416841
1126.36416841
1126.36416841
1126.36416841
1126.36416841
1126.36416841
1126.36416841
1126.36416841
1126.36416841
1126.36416841
1126.36416841
1126.36416841
1126.36416841
1126.36416841
1126.36416841
1126.36416841
1126.36416841
1126.36416841
1126.36416841
1126.36416841
1126.36416841
1126.36416841
1126.36416841
1126.36416841
1126.36416841
1126.36416841
1126.36416841
1126.36416841
1126.36416841
1126.36416841
1126.36416841
1126.36416841
1126.36416841
1126.36416841
1126.36416841
1126.36416841
1126.36416841
1126.36416841
1126.36416841
1126.36416841
1126.36416841
1126.36416841
1126.36416841
1126.36416841
1126.36416841
1126.36416841
1126.36416841
1126.36416841
1126.36416841
1126.36416841
1126.36416841
1126.36416841
1126.36416841
1126.36416841
1126.36416841
1126.36416841
1126.36416841
1126.36416841
1126.36416841
1126.36416841
1126.36416841
1126.36416841
1126.36416841
1126.36416841
1126.36416841
1126.36416841
1126.36416841
1126.36416841
1126.36416841
1126.36416841
1126.36416841
1126.36416841
1126.36416841
1126.36416841
1126.36416841
1126.36416841
1126.36416841
1126.36416841
1126.36416841
1126.36416841
1126.36416841
1126.36416841
1126.36416841
1126.36416841
1126.36416841
1126.36416841
1126.36416841
1126.36416841
1126.36416841
1126.36416841
1126.36416841
1126.36416841
1126.36416841
1126.36416841
1126.36416841
1126.36416841
1126.36416841
1126.36416841
1126.36416841
1126.36416841
1126.36416841
1126.36416841
1126.36416841
1126.36416841
1126.36416841
1126.36416841
1126.36416841
1126.36416841
1126.36416841
1126.36416841
1126.36416841
1126.36416841
1126.36416841
1126.36416841
1126.36416841
1126.36416841
1126.36416841
1126.36416841
1126.36416841
1126.36416841
1126.36416841
1126.36416841
1126.36416841
1126.36416841
1126.36416841
1126.36416841
1126.36416841
1126.36416841
1126.36416841
1126.36416841
1126.36416841
1126.36416841
1126.36416841
1126.36416841
1126.36416841
1126.36416841
1126.36416841
1126.36416841
1126.36416841
1126.36416841
1126.36416841
1126.36416841
1126.36416841
1126.36416841
1126.36416841
1126.36416841
1126.36416841
1126.36416841
1126.36416841
1126.36416841
1126.36416841
1126.36416841
1126.36416841
1126.36416841
1126.36416841
1126.36416841
1126.36416841
1126.36416841
1126.36416841
1126.36416841
1126.36416841
1126.36416841
